  Sent.                        Matched  Bracket   Cross        Correct Tag
 ID  Len.  Stat. Recal  Prec.  Bracket gold test Bracket Words  Tags Accracy
============================================================================
   1    9    1    0.00   0.00     0      0    0      0      0     0     0.00
   2    9    0   55.56  71.43     5      9    7      0      9     9   100.00
   3   10    0   60.00  66.67     6     10    9      0     10     7    70.00
   4    9    0   54.55  75.00     6     11    8      0      9     8    88.89
   5   14    0   66.67  58.82    10     15   17      0     14    13    92.86
   6   15    1    0.00   0.00     0      0    0      0      0     0     0.00
   7   20    1    0.00   0.00     0      0    0      0      0     0     0.00
   8   26    1    0.00   0.00     0      0    0      0      0     0     0.00
