  Sent.                        Matched  Bracket   Cross        Correct Tag
 ID  Len.  Stat. Recal  Prec.  Bracket gold test Bracket Words  Tags Accracy
============================================================================
   1    9    1    0.00   0.00     0      0    0      0      0     0     0.00
   2    9    0   55.56  83.33     5      9    6      0      9     9   100.00
   3   10    0   60.00  75.00     6     10    8      0     10     7    70.00
   4    9    0   54.55  85.71     6     11    7      0      9     8    88.89
   5   14    0   66.67  62.50    10     15   16      0     14    13    92.86
   6   15    1    0.00   0.00     0      0    0      0      0     0     0.00
   7   20    1    0.00   0.00     0      0    0      0      0     0     0.00
   8   26    1    0.00   0.00     0      0    0      0      0     0     0.00
